%% parameters of the case study use for submisssion to IEEE Transactions on Power Systems.
% data adapted from the NICTA Energy System Test Case Archive (NESTA) - v0.5.0 (IEEE 118 bus system) to
% accomodate for PV generators and storage units

%% branch data

%       LineID  FromBus ToBus   x [p.u.]    PowerLimit [MW]
Network.branch		=		...
        [1		1		2		0.999		235.56;
        2		1		3		0.424		235.56;
        3		4		5		0.0798		411.84;
        4		3		5		1.08		546;
        5		5		6		0.54		411.84;
        6		6		7		0.208		411.84;
        7		8		9		0.305		1275.53;
        8		8		5		0.267		1971.61;
        9		9		10		0.322		1107.6;
        10		4		11		0.688		353.34;
        11		5		11		0.682		474.24;
        12		11		12		0.196		588.9;
        13		2		12		0.616		235.56;
        14		3		12		1.6         235.56;
        15		7		12		0.34		255.84;
        16		11		13		0.731		235.56;
        17		12		14		0.707		235.56;
        18		13		15		2.444		179.4;
        19		14		15		1.95		224.64;
        20		12		16		0.834		255.84;
        21		15		17		0.437		471.12;
        22		16		17		1.801		246.48;
        23		17		18		0.505		260.52;
        24		18		19		0.493		269.88;
        25		19		20		1.17		277.68;
        26		15		19		0.394		235.56;
        27		20		21		0.849		276.12;
        28		21		22		0.97		277.68;
        29		22		23		1.59		277.68;
        30		23		24		0.492		369.72;
        31		23		25		0.8         319.18;
        32		26		25		0.382		1198.08;
        33		25		27		1.63		276.12;
        34		27		28		0.855		271.44;
        35		28		29		0.943		257.4;
        36		30		17		0.388		1356.26;
        37		8		30		0.504		1040.52;
        38		26		30		0.86		609.96;
        39		17		31		1.563		235.56;
        40		29		31		0.331		227.76;
        41		23		32		1.153		246.48;
        42		31		32		0.985		235.56;
        43		27		32		0.755		235.56;
        44		15		33		1.244		234;
        45		19		34		2.47		177.84;
        46		35		36		0.102		274.56;
        47		35		37		0.497		273;
        48		33		37		1.42		240.24;
        49		34		36		0.268		227.76;
        50		34		37		0.094		248.04;
        51		38		37		0.375		1221.48;
        52		37		39		1.06		235.56;
        53		37		40		1.68		218.4;
        54		30		38		0.54		583.41;
        55		39		40		0.605		235.56;
        56		40		41		0.487		237.12;
        57		40		42		1.83		235.56;
        58		41		42		1.35		235.56;
        59		43		44		2.454		182.52;
        60		34		43		1.681		260.52;
        61		44		45		0.901		258.96;
        62		45		46		1.356		238.68;
        63		46		47		1.27		237.12;
        64		46		48		1.89		230.88;
        65		47		49		0.625		269.1;
        66		42		49		3.23		319.33;
        67		42		49		3.23		319.33;
        68		45		49		1.86		495.14;
        69		48		49		0.505		251.16;
        70		49		50		0.752		313.95;
        71		49		51		1.37		376.74;
        72		51		52		0.588		221.52;
        73		52		53		1.635		258.96;
        74		53		54		1.22		276.12;
        75		49		54		2.89		266.41;
        76		49		54		2.91		261.03;
        77		54		55		0.707		263.64;
        78		54		56		0.0955		241.8;
        79		55		56		0.151		227.76;
        80		56		57		0.966		218.4;
        81		50		57		1.34		218.4;
        82		56		58		0.966		218.4;
        83		51		58		0.719		218.4;
        84		54		59		2.293		195;
        85		56		59		2.51		174.72;
        86		56		59		2.39		182.52;
        87		55		59		2.158		207.48;
        88		59		60		1.45		274.56;
        89		59		61		1.5         274.56;
        90		60		61		0.135		290.16;
        91		60		62		0.561		274.56;
        92		61		62		0.376		274.56;
        93		63		59		0.386		1185.6;
        94		63		64		0.2         1071.72;
        95		64		61		0.268		1708.2;
        96		38		65		0.986		463.32;
        97		64		65		0.302		1053;
        98		49		66		0.919		333.68;
        99		49		66		0.919		667.37;
        100		62		66		2.18		205.92;
        101		62		67		1.17		274.56;
        102		65		66		0.37		1237.08;
        103		66		67		1.015		274.56;
        104		65		68		0.16		1070.16;
        105		47		69		2.778		159.12;
        106		49		69		3.24		156.08;
        107		68		69		0.37		1237.08;
        108		69		70		1.27		265.2;
        109		24		70		4.115		112.32;
        110		70		71		0.355		258.96;
        111		24		72		1.96		227.76;
        112		71		72		1.8         248.04;
        113		71		73		0.454		293.28;
        114		70		74		1.323		235.56;
        115		70		75		1.41		235.56;
        116		69		75		1.22		339.3;
        117		74		75		0.406		235.56;
        118		76		77		1.48		545.38;
        119		69		77		1.01		538.2;
        120		75		77		1.999		505.91;
        121		77		78		0.124		541.79;
        122		78		79		0.244		271.44;
        123		77		80		0.485		505.91;
        124		77		80		1.05		281.66;
        125		79		80		0.704		273;
        126		68		81		0.202		1067.04;
        127		81		80		0.37		1237.08;
        128		77		82		0.853		252.95;
        129		82		83		0.3665		351;
        130		83		84		1.32		190.32;
        131		83		85		1.48		240.24;
        132		84		85		0.641		190.32;
        133		85		86		1.23		2433.6;
        134		86		87		2.074		2199.6;
        135		85		88		1.02		290.16;
        136		85		89		1.73		262.08;
        137		88		89		0.712		290.16;
        138		89		90		1.88		235.56;
        139		89		90		0.997		263.64;
        140		90		91		0.836		235.56;
        141		89		92		0.505		400.42;
        142		89		92		1.581		297.8;
        143		91		92		1.272		270.89;
        144		92		93		0.848		270.89;
        145		92		94		1.58		270.89;
        146		93		94		0.732		235.56;
        147		94		95		0.434		235.56;
        148		80		96		1.82		248.04;
        149		82		96		0.53		234;
        150		94		96		0.869		232.44;
        151		80		97		0.934		290.16;
        152		80		98		1.08		274.56;
        153		80		99		2.06		218.4;
        154		92		100		2.95		175.81;
        155		94		100		0.58		269.1;
        156		95		96		0.547		232.44;
        157		96		97		0.885		290.16;
        158		98		100		1.79		287.04;
        159		99		100		0.813		313.95;
        160		100		101		1.262		315.74;
        161		92		102		0.559		315.74;
        162		101		102		1.12		274.56;
        163		100		103		0.525		270.89;
        164		100		104		2.04		252.95;
        165		103		104		1.584		238.68;
        166		103		105		1.625		226.2;
        167		100		106		2.29		222.46;
        168		104		105		0.378		251.16;
        169		105		106		0.547		255.84;
        170		105		107		1.83		240.24;
        171		105		108		0.703		213.72;
        172		106		107		1.83		240.24;
        173		108		109		0.288		215.28;
        174		103		110		1.813		248.04;
        175		109		110		0.762		215.28;
        176		110		111		0.755		240.24;
        177		110		112		0.64		210.6;
        178		17		113		0.301		235.56;
        179		32		113		2.03		216.84;
        180		32		114		0.612		274.56;
        181		27		115		0.741		273;
        182		114		115		0.104		273;
        183		68		116		0.0405		11260.08;
        184		12		117		1.4         265.2;
        185		75		118		0.481		235.56;
        186		76		118		0.544		235.56];


%% Load data

%       BusID   AverageLoad [MW]  
